10 60 40 140 170 50 103 166
10 60 40 140 170 50 617 115
10 60 40 140 170 50 593 415
10 60 40 140 170 50 586 12
10 60 40 140 170 50 169 301
10 60 40 140 170 50 442 427
10 60 40 140 170 50 370 379
10 60 40 140 170 50 483 166
10 60 40 140 170 50 380 66
10 60 40 140 170 50 212 376
180 130 100 120 130 190 411 8
180 130 100 120 130 190 487 429
180 130 100 120 130 190 502 410
180 130 100 120 130 190 302 163
180 130 100 120 130 190 307 415
180 130 100 120 130 190 329 282
180 130 100 120 130 190 102 18
180 130 100 120 130 190 269 87
180 130 100 120 130 190 433 376
180 130 100 120 130 190 291 442
90 190 50 160 40 210 549 93
90 190 50 160 40 210 261 119
90 190 50 160 40 210 344 457
90 190 50 160 40 210 478 404
90 190 50 160 40 210 555 210
90 190 50 160 40 210 333 166
90 190 50 160 40 210 411 20
90 190 50 160 40 210 596 273
90 190 50 160 40 210 142 290
90 190 50 160 40 210 116 1
180 190 150 180 160 210 545 285
180 190 150 180 160 210 604 327
180 190 150 180 160 210 496 425
180 190 150 180 160 210 446 129
180 190 150 180 160 210 193 257
180 190 150 180 160 210 124 135
180 190 150 180 160 210 62 225
180 190 150 180 160 210 254 87
180 190 150 180 160 210 234 284
180 190 150 180 160 210 363 470
130 220 100 220 100 250 527 408
130 220 100 220 100 250 476 458
130 220 100 220 100 250 108 144
130 220 100 220 100 250 443 251
130 220 100 220 100 250 434 79
130 220 100 220 100 250 572 180
130 220 100 220 100 250 236 408
130 220 100 220 100 250 219 412
130 220 100 220 100 250 386 186
130 220 100 220 100 250 254 419
60 250 20 230 10 250 635 250
60 250 20 230 10 250 554 58
60 250 20 230 10 250 507 201
60 250 20 230 10 250 337 422
60 250 20 230 10 250 517 252
60 250 20 230 10 250 252 116
60 250 20 230 10 250 501 440
60 250 20 230 10 250 446 1
60 250 20 230 10 250 265 89
60 250 20 230 10 250 604 59
