10 60 40 140 170 50 103 166
10 60 40 140 170 50 617 115
10 60 40 140 170 50 593 415
10 60 40 140 170 50 586 12
10 60 40 140 170 50 169 301
10 60 40 140 170 50 442 427
10 60 40 140 170 50 370 379
10 60 40 140 170 50 483 166
10 60 40 140 170 50 380 66
10 60 40 140 170 50 212 376
10 60 40 140 170 50 411 8
10 60 40 140 170 50 487 429
10 60 40 140 170 50 502 410
10 60 40 140 170 50 302 163
10 60 40 140 170 50 307 415
10 60 40 140 170 50 329 282
10 60 40 140 170 50 102 18
10 60 40 140 170 50 269 87
10 60 40 140 170 50 433 376
10 60 40 140 170 50 291 442
10 60 40 140 170 50 549 93
10 60 40 140 170 50 261 119
10 60 40 140 170 50 344 457
10 60 40 140 170 50 478 404
10 60 40 140 170 50 555 210
180 130 100 120 130 190 333 166
180 130 100 120 130 190 411 20
180 130 100 120 130 190 596 273
180 130 100 120 130 190 142 290
180 130 100 120 130 190 116 1
180 130 100 120 130 190 545 285
180 130 100 120 130 190 604 327
180 130 100 120 130 190 496 425
180 130 100 120 130 190 446 129
180 130 100 120 130 190 193 257
180 130 100 120 130 190 124 135
180 130 100 120 130 190 62 225
180 130 100 120 130 190 254 87
180 130 100 120 130 190 234 284
180 130 100 120 130 190 363 470
180 130 100 120 130 190 527 408
180 130 100 120 130 190 476 458
180 130 100 120 130 190 108 144
180 130 100 120 130 190 443 251
180 130 100 120 130 190 434 79
180 130 100 120 130 190 572 180
180 130 100 120 130 190 236 408
180 130 100 120 130 190 219 412
180 130 100 120 130 190 386 186
180 130 100 120 130 190 254 419
90 190 50 160 40 210 635 250
90 190 50 160 40 210 554 58
90 190 50 160 40 210 507 201
90 190 50 160 40 210 337 422
90 190 50 160 40 210 517 252
90 190 50 160 40 210 252 116
90 190 50 160 40 210 501 440
90 190 50 160 40 210 446 1
90 190 50 160 40 210 265 89
90 190 50 160 40 210 604 59
90 190 50 160 40 210 40 249
90 190 50 160 40 210 271 277
90 190 50 160 40 210 177 11
90 190 50 160 40 210 241 275
90 190 50 160 40 210 389 367
90 190 50 160 40 210 247 256
90 190 50 160 40 210 617 33
90 190 50 160 40 210 186 5
90 190 50 160 40 210 586 203
90 190 50 160 40 210 459 464
90 190 50 160 40 210 328 231
90 190 50 160 40 210 612 29
90 190 50 160 40 210 543 419
90 190 50 160 40 210 30 168
90 190 50 160 40 210 28 155
180 190 150 180 160 210 100 69
180 190 150 180 160 210 276 83
180 190 150 180 160 210 218 325
180 190 150 180 160 210 606 171
180 190 150 180 160 210 121 35
180 190 150 180 160 210 59 208
180 190 150 180 160 210 484 68
180 190 150 180 160 210 401 350
180 190 150 180 160 210 393 220
180 190 150 180 160 210 554 244
180 190 150 180 160 210 44 274
180 190 150 180 160 210 27 176
180 190 150 180 160 210 303 411
180 190 150 180 160 210 307 205
180 190 150 180 160 210 99 16
180 190 150 180 160 210 72 71
180 190 150 180 160 210 277 28
180 190 150 180 160 210 315 47
180 190 150 180 160 210 34 121
180 190 150 180 160 210 58 475
180 190 150 180 160 210 509 277
180 190 150 180 160 210 395 193
180 190 150 180 160 210 538 188
180 190 150 180 160 210 383 291
180 190 150 180 160 210 248 9
130 220 100 220 100 250 376 4
130 220 100 220 100 250 283 403
130 220 100 220 100 250 53 458
130 220 100 220 100 250 206 40
130 220 100 220 100 250 24 178
130 220 100 220 100 250 568 288
130 220 100 220 100 250 249 237
130 220 100 220 100 250 317 276
130 220 100 220 100 250 444 63
130 220 100 220 100 250 590 23
130 220 100 220 100 250 250 299
130 220 100 220 100 250 492 5
130 220 100 220 100 250 44 390
130 220 100 220 100 250 545 299
130 220 100 220 100 250 554 346
130 220 100 220 100 250 469 2
130 220 100 220 100 250 62 464
130 220 100 220 100 250 437 147
130 220 100 220 100 250 315 4
130 220 100 220 100 250 348 371
130 220 100 220 100 250 182 468
130 220 100 220 100 250 179 303
130 220 100 220 100 250 226 368
130 220 100 220 100 250 100 382
130 220 100 220 100 250 591 370
60 250 20 230 10 250 405 361
60 250 20 230 10 250 381 450
60 250 20 230 10 250 78 425
60 250 20 230 10 250 520 176
60 250 20 230 10 250 84 306
60 250 20 230 10 250 522 425
60 250 20 230 10 250 468 136
60 250 20 230 10 250 282 458
60 250 20 230 10 250 444 117
60 250 20 230 10 250 142 344
60 250 20 230 10 250 40 36
60 250 20 230 10 250 172 59
60 250 20 230 10 250 499 430
60 250 20 230 10 250 588 311
60 250 20 230 10 250 173 251
60 250 20 230 10 250 521 130
60 250 20 230 10 250 613 134
60 250 20 230 10 250 580 243
60 250 20 230 10 250 559 461
60 250 20 230 10 250 419 196
60 250 20 230 10 250 639 333
60 250 20 230 10 250 173 468
60 250 20 230 10 250 630 295
60 250 20 230 10 250 606 146
60 250 20 230 10 250 284 300
